20
0.00 1.11 1.21 1.11 0.55 1.04 1.80 0.24 0.97 1.35 1.12 1.05 0.96 1.76 1.13 0.52 1.09 0.72 1.03 1.04
1.11 0.00 0.91 1.44 1.35 1.17 0.87 1.06 1.75 1.00 1.42 0.94 1.37 0.75 1.02 1.27 1.21 0.56 0.46 0.70
1.21 0.91 0.00 0.94 1.36 1.50 0.94 1.00 1.16 1.50 0.95 0.42 1.36 1.14 0.95 0.75 0.97 1.24 0.61 1.24
1.11 1.44 0.94 0.00 0.33 0.65 0.76 0.99 0.99 0.54 0.88 1.00 1.13 1.20 0.82 0.61 0.37 1.54 1.65 0.91
0.55 1.35 1.36 0.33 0.00 0.54 1.10 0.50 0.99 0.80 1.31 1.50 1.08 1.44 0.84 0.29 0.68 1.10 1.45 0.83
1.04 1.17 1.50 0.65 0.54 0.00 0.68 1.25 0.80 0.58 1.51 1.37 1.19 0.65 1.20 0.87 0.77 0.83 1.15 0.64
1.80 0.87 0.94 0.76 1.10 0.68 0.00 1.68 1.11 0.62 1.16 1.10 1.28 0.48 1.05 1.26 0.89 1.12 0.80 1.04
0.24 1.06 1.00 0.99 0.50 1.25 1.68 0.00 0.99 1.24 1.18 1.36 0.96 1.71 0.75 0.33 1.32 0.99 1.07 1.15
0.97 1.75 1.16 0.99 0.99 0.80 1.11 0.99 0.00 0.98 0.82 1.12 0.90 1.00 1.37 0.98 1.05 0.98 1.27 1.58
1.35 1.00 1.50 0.54 0.80 0.58 0.62 1.24 0.98 0.00 0.83 1.26 0.91 0.74 0.93 1.40 0.87 1.29 1.57 0.94
1.12 1.42 0.95 0.88 1.31 1.51 1.16 1.18 0.82 0.83 0.00 0.56 0.39 1.20 0.83 1.48 0.90 1.59 1.50 1.27
1.05 0.94 0.42 1.00 1.50 1.37 1.10 1.36 1.12 1.26 0.56 0.00 1.24 1.16 1.42 1.31 0.58 1.03 0.90 1.19
0.96 1.37 1.36 1.13 1.08 1.19 1.28 0.96 0.90 0.91 0.39 1.24 0.00 0.97 0.37 1.25 1.35 1.55 1.36 0.75
1.76 0.75 1.14 1.20 1.44 0.65 0.48 1.71 1.00 0.74 1.20 1.16 0.97 0.00 0.94 1.48 1.00 0.89 0.90 0.58
1.13 1.02 0.95 0.82 0.84 1.20 1.05 0.75 1.37 0.93 0.83 1.42 0.37 0.94 0.00 0.78 1.35 1.70 1.18 0.52
0.52 1.27 0.75 0.61 0.29 0.87 1.26 0.33 0.98 1.40 1.48 1.31 1.25 1.48 0.78 0.00 0.93 1.06 0.98 0.95
1.09 1.21 0.97 0.37 0.68 0.77 0.89 1.32 1.05 0.87 0.90 0.58 1.35 1.00 1.35 0.93 0.00 0.95 1.50 0.85
0.72 0.56 1.24 1.54 1.10 0.83 1.12 0.99 0.98 1.29 1.59 1.03 1.55 0.89 1.70 1.06 0.95 0.00 0.56 1.06
1.03 0.46 0.61 1.65 1.45 1.15 0.80 1.07 1.27 1.57 1.50 0.90 1.36 0.90 1.18 0.98 1.50 0.56 0.00 1.07
1.04 0.70 1.24 0.91 0.83 0.64 1.04 1.15 1.58 0.94 1.27 1.19 0.75 0.58 0.52 0.95 0.85 1.06 1.07 0.00